0,103,113,1
1,-38,-108,1
2,36,103,1
3,5,-58,1
4,-21,39,1
5,-23,-102,1
6,-128,-44,1
7,126,-111,1
8,9,-62,1
9,4,123,1
0,102,119,2
1,-37,-106,2
2,39,112,2
3,4,-55,2
4,-20,39,2
5,-18,-109,2
6,-128,-44,2
7,124,-112,2
8,15,-63,2
9,7,118,2
0,101,124,3
1,-34,-100,3
2,40,116,3
3,1,-47,3
4,-15,39,3
5,-15,-113,3
6,-124,-45,3
7,116,-116,3
8,22,-64,3
9,11,112,3
0,99,-125,4
1,-34,-100,4
2,43,125,4
3,0,-44,4
4,-7,39,4
5,-10,-120,4
6,-116,-47,4
7,114,-117,4
8,31,-65,4
9,15,106,4
0,97,-119,5
1,-34,-100,5
2,44,128,5
3,-3,-37,5
4,1,39,5
5,-6,-126,5
6,-108,-49,5
7,107,-121,5
8,40,-66,5
9,20,98,5
0,95,-113,6
1,-31,-95,6
2,45,-126,6
3,-5,-31,6
4,8,39,6
5,-6,-126,6
6,-99,-51,6
7,99,-125,6
8,49,-67,6
9,22,95,6
0,93,-108,7
1,-26,-87,7
2,47,-121,7
3,-7,-23,7
4,9,39,7
5,-1,123,7
6,-94,-52,7
7,94,-127,7
8,56,-68,7
9,22,95,7
0,90,-102,8
1,-26,-87,8
2,50,-114,8
3,-9,-16,8
4,17,39,8
5,1,120,8
6,-85,-53,8
7,90,128,8
8,65,-69,8
9,24,92,8
0,86,-95,9
1,-23,-83,9
2,53,-108,9
3,-10,-13,9
4,26,39,9
5,5,114,9
6,-77,-54,9
7,84,125,9
8,74,-70,9
9,27,88,9
0,84,-91,10
1,-17,-76,10
2,56,-101,10
3,-11,-10,10
4,33,39,10
5,10,107,10
6,-77,-54,10
7,75,121,10
8,74,-70,10
9,33,80,10
0,83,-89,11
1,-16,-75,11
2,57,-98,11
3,-11,-10,11
4,35,39,11
5,16,99,11
6,-72,-55,11
7,67,117,11
8,79,-71,11
9,37,75,11
0,79,-82,12
1,-14,-73,12
2,60,-90,12
3,-13,-3,12
4,36,39,12
5,22,91,12
6,-64,-57,12
7,65,116,12
8,87,-73,12
9,40,71,12
0,76,-77,13
1,-7,-67,13
2,60,-90,13
3,-13,-3,13
4,43,39,13
5,26,86,13
6,-58,-59,13
7,59,113,13
8,96,-76,13
9,44,66,13
0,72,-69,14
1,-3,-63,14
2,62,-84,14
3,-13,-3,14
4,45,39,14
5,31,80,14
6,-51,-62,14
7,59,113,14
8,96,-76,14
9,44,66,14
0,71,-67,15
1,-3,-63,15
2,63,-81,15
3,-16,5,15
4,51,39,15
5,34,76,15
6,-44,-65,15
7,54,110,15
8,104,-78,15
9,49,60,15
0,69,-63,16
1,1,-59,16
2,66,-73,16
3,-18,10,16
4,53,39,16
5,38,71,16
6,-38,-67,16
7,49,107,16
8,110,-79,16
9,54,54,16
0,65,-55,17
1,1,-59,17
2,69,-64,17
3,-22,19,17
4,62,39,17
5,44,63,17
6,-32,-69,17
7,43,104,17
8,119,-80,17
9,57,50,17
0,61,-46,18
1,7,-52,18
2,72,-56,18
3,-23,21,18
4,63,39,18
5,50,56,18
6,-29,-70,18
7,39,102,18
8,125,-81,18
9,57,50,18
0,58,-39,19
1,7,-52,19
2,74,-51,19
3,-23,21,19
4,69,39,19
5,54,51,19
6,-22,-73,19
7,35,100,19
8,-124,-82,19
9,62,44,19
0,58,-39,20
1,9,-50,20
2,77,-43,20
3,-27,29,20
4,75,39,20
5,59,45,20
6,-17,-75,20
7,30,97,20
8,-119,-83,20
9,65,40,20
0,56,-33,21
1,16,-44,21
2,79,-37,21
3,-27,29,21
4,83,39,21
5,65,38,21
6,-17,-75,21
7,23,92,21
8,-114,-84,21
9,71,32,21
0,54,-27,22
1,20,-41,22
2,81,-30,22
3,-27,29,22
4,92,39,22
5,65,38,22
6,-9,-79,22
7,23,92,22
8,-109,-85,22
9,75,26,22
0,52,-19,23
1,24,-38,23
2,83,-24,23
3,-30,36,23
4,102,39,23
5,70,32,23
6,-5,-81,23
7,15,86,23
8,-103,-86,23
9,79,20,23
0,51,-16,24
1,30,-33,24
2,84,-21,24
3,-32,41,24
4,110,39,24
5,76,25,24
6,0,-83,24
7,11,83,24
8,-98,-87,24
9,85,12,24
0,49,-8,25
1,37,-28,25
2,87,-14,25
3,-35,48,25
4,119,39,25
5,82,17,25
6,2,-84,25
7,4,78,25
8,-89,-89,25
9,89,7,25
0,48,-4,26
1,43,-23,26
2,89,-10,26
3,-38,57,26
4,127,39,26
5,86,11,26
6,2,-84,26
7,-1,74,26
8,-84,-90,26
9,95,0,26
0,48,-4,27
1,43,-23,27
2,91,-5,27
3,-41,64,27
4,-128,39,27
5,89,7,27
6,2,-84,27
7,-1,74,27
8,-78,-91,27
9,101,-8,27
0,45,5,28
1,43,-23,28
2,91,-5,28
3,-45,72,28
4,-122,39,28
5,93,2,28
6,4,-85,28
7,-8,68,28
8,-74,-92,28
9,106,-14,28
0,42,14,29
1,47,-20,29
2,91,-5,29
3,-48,77,29
4,-114,39,29
5,99,-6,29
6,11,-88,29
7,-13,63,29
8,-67,-94,29
9,106,-14,29
0,42,14,30
1,50,-18,30
2,93,0,30
3,-49,79,30
4,-109,39,30
5,105,-14,30
6,19,-92,30
7,-17,59,30
8,-67,-94,30
9,112,-21,30
0,40,20,31
1,57,-13,31
2,94,2,31
3,-51,83,31
4,-107,39,31
5,105,-14,31
6,21,-93,31
7,-24,53,31
8,-64,-95,31
9,113,-22,31
0,40,20,32
1,57,-13,32
2,97,9,32
3,-54,90,32
4,-104,39,32
5,105,-14,32
6,21,-93,32
7,-28,49,32
8,-58,-97,32
9,120,-28,32
0,37,29,33
1,65,-7,33
2,98,12,33
3,-57,98,33
4,-101,39,33
5,107,-17,33
6,21,-93,33
7,-34,43,33
8,-58,-97,33
9,125,-33,33
0,35,37,34
1,72,-2,34
2,98,12,34
3,-57,98,34
4,-101,39,34
5,111,-22,34
6,28,-96,34
7,-36,41,34
8,-55,-98,34
9,126,-34,34
0,32,46,35
1,76,1,35
2,101,21,35
3,-59,103,35
4,-100,39,35
5,115,-27,35
6,31,-97,35
7,-42,35,35
8,-55,-98,35
9,-125,-41,35
0,30,51,36
1,76,1,36
2,102,24,36
3,-63,112,36
4,-99,39,36
5,119,-32,36
6,39,-99,36
7,-45,32,36
8,-55,-98,36
9,-124,-42,36
0,28,55,37
1,76,1,37
2,105,31,37
3,-67,120,37
4,-94,39,37
5,123,-38,37
6,48,-101,37
7,-51,26,37
8,-51,-99,37
9,-124,-42,37
0,25,62,38
1,84,7,38
2,107,36,38
3,-69,125,38
4,-92,39,38
5,127,-45,38
6,48,-101,38
7,-58,19,38
8,-48,-100,38
9,-122,-44,38
0,23,67,39
1,88,10,39
2,110,42,39
3,-72,-123,39
4,-83,39,39
5,-127,-51,39
6,54,-102,39
7,-59,18,39
8,-48,-100,39
9,-122,-44,39
0,20,76,40
1,91,12,40
2,113,48,40
3,-74,-118,40
4,-79,39,40
5,-123,-60,40
6,54,-102,40
7,-66,12,40
8,-41,-103,40
9,-117,-49,40
0,19,79,41
1,98,16,41
2,117,55,41
3,-77,-110,41
4,-76,39,41
5,-121,-64,41
6,54,-102,41
7,-70,9,41
8,-34,-106,41
9,-111,-55,41
0,16,86,42
1,104,19,42
2,120,60,42
3,-80,-102,42
4,-73,39,42
5,-119,-69,42
6,58,-103,42
7,-70,9,42
8,-27,-109,42
9,-111,-55,42
0,16,86,43
1,111,22,43
2,122,63,43
3,-83,-93,43
4,-71,39,43
5,-115,-77,43
6,64,-104,43
7,-76,5,43
8,-21,-111,43
9,-111,-55,43
0,16,86,44
1,114,23,44
2,125,68,44
3,-84,-89,44
4,-66,39,44
5,-111,-85,44
6,64,-104,44
7,-76,5,44
8,-14,-113,44
9,-105,-62,44
0,15,88,45
1,119,25,45
2,-128,76,45
3,-84,-89,45
4,-65,39,45
5,-110,-87,45
6,71,-105,45
7,-76,5,45
8,-14,-113,45
9,-101,-67,45
0,11,95,46
1,125,28,46
2,-124,85,46
3,-84,-89,46
4,-65,39,46
5,-110,-87,46
6,80,-106,46
7,-84,0,46
8,-7,-115,46
9,-101,-67,46
0,9,98,47
1,-126,31,47
2,-121,93,47
3,-84,-89,47
4,-59,39,47
5,-108,-92,47
6,86,-107,47
7,-88,-3,47
8,0,-117,47
9,-101,-67,47
0,5,105,48
1,-121,34,48
2,-119,100,48
3,-86,-83,48
4,-55,39,48
5,-104,-101,48
6,91,-108,48
7,-94,-7,48
8,4,-118,48
9,-101,-67,48
0,1,112,49
1,-115,37,49
2,-116,108,49
3,-86,-83,49
4,-45,39,49
5,-101,-108,49
6,91,-108,49
7,-98,-10,49
8,11,-120,49
9,-101,-67,49
0,-3,119,50
1,-113,38,50
2,-115,111,50
3,-88,-75,50
4,-44,39,50
5,-97,-116,50
6,100,-109,50
7,-103,-14,50
8,17,-122,50
9,-99,-70,50
0,-4,121,51
1,-113,38,51
2,-112,118,51
3,-89,-69,51
4,-35,39,51
5,-95,-120,51
6,109,-110,51
7,-111,-20,51
8,24,-124,51
9,-99,-70,51
0,-8,-127,52
1,-109,40,52
2,-108,126,52
3,-90,-62,52
4,-25,39,52
5,-94,-122,52
6,115,-111,52
7,-114,-22,52
8,33,-127,52
9,-99,-70,52
0,114,73,1
1,115,-31,1
2,-5,-105,1
3,112,90,1
4,114,2,1
5,30,-126,1
6,122,108,1
7,77,92,1
8,-122,-77,1
9,114,-10,1
0,116,70,2
1,113,-32,2
2,-3,-111,2
3,106,90,2
4,115,-6,2
5,25,-119,2
6,128,104,2
7,80,85,2
8,-119,-71,2
9,112,-13,2
0,117,69,3
1,115,-40,3
2,-4,-117,3
3,102,98,3
4,122,-6,3
5,16,-118,3
6,-123,104,3
7,83,81,3
8,-119,-62,3
9,108,-14,3
0,125,64,4
1,116,-43,4
2,-5,-124,4
3,99,104,4
4,-127,0,4
5,12,-122,4
6,-117,98,4
7,78,73,4
8,-115,-54,4
9,106,-14,4
0,-128,60,5
1,114,-44,5
2,0,-126,5
3,92,102,5
4,128,6,5
5,13,-127,5
6,-120,89,5
7,71,76,5
8,-110,-49,5
9,105,-22,5
0,-120,65,6
1,111,-41,6
2,2,128,6
3,87,110,6
4,123,13,6
5,21,-127,6
6,-120,87,6
7,68,85,6
8,-110,-47,6
9,109,-30,6
0,-114,68,7
1,108,-35,7
2,1,127,7
3,86,119,7
4,124,18,7
5,30,126,7
6,-115,84,7
7,69,87,7
8,-113,-42,7
9,113,-28,7
0,-108,76,8
1,108,-28,8
2,-6,-123,8
3,85,121,8
4,128,25,8
5,37,128,8
6,-111,89,8
7,74,95,8
8,-120,-40,8
9,117,-26,8
0,-104,83,9
1,113,-21,9
2,-6,-119,9
3,80,127,9
4,-121,30,9
5,41,121,9
6,-110,95,9
7,67,101,9
8,-121,-40,9
9,121,-18,9
0,-95,79,10
1,110,-14,10
2,-11,-112,10
3,78,-123,10
4,-116,24,10
5,47,115,10
6,-117,100,10
7,62,105,10
8,-127,-44,10
9,124,-13,10
0,-89,73,11
1,111,-11,11
2,-5,-107,11
3,87,-120,11
4,-111,22,11
5,50,112,11
6,-120,108,11
7,54,103,11
8,125,-50,11
9,-127,-13,11
0,-82,66,12
1,118,-9,12
2,-3,-103,12
3,87,-117,12
4,-113,16,12
5,55,110,12
6,-124,110,12
7,50,94,12
8,126,-53,12
9,-124,-6,12
0,-76,62,13
1,116,-2,13
2,-3,-95,13
3,86,-117,13
4,-112,11,13
5,56,105,13
6,-127,111,13
7,42,92,13
8,121,-56,13
9,-116,-5,13
0,-72,67,14
1,109,5,14
2,-9,-90,14
3,77,-121,14
4,-108,9,14
5,52,96,14
6,128,107,14
7,35,88,14
8,119,-61,14
9,-109,-10,14
0,-71,68,15
1,109,11,15
2,-12,-81,15
3,77,127,15
4,-110,4,15
5,50,93,15
6,125,98,15
7,29,91,15
8,118,-70,15
9,-107,-19,15
0,-68,66,16
1,109,17,16
2,-13,-78,16
3,68,127,16
4,-108,1,16
5,46,91,16
6,119,90,16
7,24,89,16
8,121,-72,16
9,-111,-21,16
0,-68,66,17
1,114,21,17
2,-15,-70,17
3,62,119,17
4,-106,-2,17
5,40,85,17
6,111,93,17
7,18,94,17
8,124,-69,17
9,-111,-22,17
0,-71,59,18
1,118,26,18
2,-14,-62,18
3,59,119,18
4,-100,1,18
5,37,84,18
6,109,98,18
7,18,95,18
8,-126,-74,18
9,-119,-25,18
0,-80,62,19
1,125,25,19
2,-8,-61,19
3,51,117,19
4,-97,9,19
5,31,81,19
6,113,104,19
7,24,99,19
8,-125,-78,19
9,-121,-32,19
0,-82,69,20
1,128,18,20
2,0,-65,20
3,46,111,20
4,-105,15,20
5,34,74,20
6,110,108,20
7,29,106,20
8,-119,-85,20
9,-121,-41,20
0,-90,75,21
1,-126,15,21
2,9,-66,21
3,43,103,21
4,-100,22,21
5,35,71,21
6,117,114,21
7,37,106,21
8,-110,-88,21
9,-113,-44,21
0,-90,83,22
1,-120,16,22
2,12,-63,22
3,42,95,22
4,-95,24,22
5,34,68,22
6,118,117,22
7,40,98,22
8,-102,-88,22
9,-116,-52,22
0,-98,87,23
1,-119,14,23
2,21,-61,23
3,47,94,23
4,-91,19,23
5,36,66,23
6,116,122,23
7,32,92,23
8,-100,-90,23
9,-121,-59,23
0,-102,95,24
1,-120,9,24
2,27,-65,24
3,54,99,24
4,-93,10,24
5,40,64,24
6,124,126,24
7,33,87,24
8,-91,-93,24
9,-121,-64,24
0,-98,102,25
1,128,6,25
2,27,-72,25
3,54,109,25
4,-98,7,25
5,44,66,25
6,-128,122,25
7,28,79,25
8,-83,-96,25
9,-124,-67,25
0,-99,109,26
1,127,-2,26
2,30,-79,26
3,50,109,26
4,-103,5,26
5,46,65,26
6,-122,114,26
7,25,70,26
8,-81,-97,26
9,-121,-76,26
0,-105,110,27
1,122,-4,27
2,28,-88,27
3,50,119,27
4,-108,0,27
5,52,62,27
6,-121,110,27
7,17,69,27
8,-81,-100,27
9,-117,-77,27
0,-106,108,28
1,120,-7,28
2,25,-89,28
3,51,121,28
4,-102,-6,28
5,50,54,28
6,128,104,28
7,14,68,28
8,-77,-102,28
9,-112,-81,28
0,-102,106,29
1,113,-11,29
2,21,-89,29
3,49,-128,29
4,-94,-6,29
5,56,51,29
6,124,105,29
7,15,60,29
8,-71,-109,29
9,-112,-85,29
0,-101,102,30
1,112,-20,30
2,12,-92,30
3,52,-124,30
4,-94,-1,30
5,62,49,30
6,117,110,30
7,23,59,30
8,-67,-117,30
9,-118,-92,30
0,-92,98,31
1,120,-22,31
2,7,-94,31
3,52,-116,31
4,-97,5,31
5,65,49,31
6,111,107,31
7,31,55,31
8,-65,-125,31
9,-123,-97,31
0,-90,96,32
1,127,-15,32
2,9,-102,32
3,56,-113,32
4,-91,11,32
5,69,54,32
6,104,111,32
7,34,53,32
8,-71,-127,32
9,127,-98,32
0,-96,88,33
1,127,-13,33
2,10,-111,33
3,60,-116,33
4,-85,15,33
5,68,55,33
6,95,107,33
7,43,57,33
8,-77,-124,33
9,121,-103,33
0,-105,86,34
1,128,-7,34
2,2,-115,34
3,69,-114,34
4,-76,15,34
5,61,61,34
6,94,100,34
7,44,56,34
8,-78,-123,34
9,123,-109,34
0,-112,84,35
1,-125,-2,35
2,2,-115,35
3,69,-112,35
4,-76,15,35
5,54,59,35
6,89,95,35
7,40,50,35
8,-83,-123,35
9,-124,-109,35
0,-112,84,36
1,-123,4,36
2,-3,-123,36
3,71,-112,36
4,-71,10,36
5,47,55,36
6,88,86,36
7,48,44,36
8,-90,-123,36
9,-121,-100,36
0,-113,86,37
1,-126,12,37
2,-11,-126,37
3,72,-115,37
4,-62,13,37
5,47,45,37
6,91,80,37
7,42,36,37
8,-90,-126,37
9,-114,-98,37
0,-117,94,38
1,123,17,38
2,-17,-121,38
3,76,-120,38
4,-55,19,38
5,45,44,38
6,85,77,38
7,34,40,38
8,-95,-128,38
9,-113,-97,38
0,-115,97,39
1,116,21,39
2,-25,-116,39
3,72,-126,39
4,-50,25,39
5,45,41,39
6,80,85,39
7,33,45,39
8,-98,-126,39
9,-118,-92,39
0,-115,100,40
1,117,27,40
2,-33,-113,40
3,66,127,40
4,-50,31,40
5,47,38,40
6,72,87,40
7,26,48,40
8,-104,-124,40
9,-117,-91,40
0,-121,106,41
1,125,33,41
2,-35,-112,41
3,61,119,41
4,-52,40,41
5,46,37,41
6,63,83,41
7,25,46,41
8,-108,-128,41
9,-113,-84,41
0,-123,105,42
1,128,39,42
2,-41,-115,42
3,60,112,42
4,-52,49,42
5,41,29,42
6,55,80,42
7,27,41,42
8,-113,-128,42
9,-107,-85,42
0,126,101,43
1,128,40,43
2,-46,-122,43
3,63,110,43
4,-49,54,43
5,34,31,43
6,51,89,43
7,29,33,43
8,-120,-121,43
9,-102,-87,43
0,122,106,44
1,121,40,44
2,-49,126,44
3,71,104,44
4,-46,55,44
5,32,39,44
6,57,94,44
7,25,30,44
8,-126,-117,44
9,-94,-83,44
0,123,107,45
1,117,31,45
2,-43,122,45
3,70,99,45
4,-43,63,45
5,30,45,45
6,67,94,45
7,18,26,45
8,-126,-113,45
9,-88,-81,45
0,120,112,46
1,112,33,46
2,-41,118,46
3,70,95,46
4,-48,67,46
5,35,48,46
6,69,89,46
7,10,29,46
8,-119,-108,46
9,-89,-72,46
0,116,117,47
1,114,40,47
2,-48,114,47
3,66,89,47
4,-43,75,47
5,43,54,47
6,77,92,47
7,6,33,47
8,-114,-104,47
9,-94,-68,47
0,115,120,48
1,122,44,48
2,-53,114,48
3,60,86,48
4,-45,82,48
5,43,55,48
6,80,97,48
7,3,32,48
8,-109,-110,48
9,-102,-69,48
0,113,125,49
1,-128,43,49
2,-55,122,49
3,62,81,49
4,-50,81,49
5,43,55,49
6,85,103,49
7,-1,24,49
8,-108,-112,49
9,-107,-74,49
0,121,-127,50
1,-121,42,50
2,-62,-128,50
3,63,79,50
4,-49,73,50
5,38,58,50
6,93,104,50
7,-3,21,50
8,-109,-113,50
9,-106,-81,50
0,-127,-125,51
1,-117,34,51
2,-68,-122,51
3,71,73,51
4,-42,71,51
5,34,62,51
6,99,110,51
7,-4,17,51
8,-111,-111,51
9,-111,-87,51
0,-127,-125,52
1,-113,35,52
2,-72,-119,52
3,74,66,52
4,-39,70,52
5,35,70,52
6,99,115,52
7,-7,13,52
8,-110,-102,52
9,-113,-90,52
0,-125,-127,53
1,-109,36,53
2,-78,-122,53
3,77,62,53
4,-38,65,53
5,34,72,53
6,103,117,53
7,-6,9,53
8,-101,-100,53
9,-119,-98,53
0,-117,-124,54
1,-104,36,54
2,-83,-127,54
3,84,57,54
4,-30,61,54
5,27,77,54
6,100,123,54
7,-11,6,54
8,-98,-100,54
9,-121,-106,54
0,-114,-128,55
1,-99,33,55
2,-85,-128,55
3,89,53,55
4,-24,59,55
5,18,77,55
6,92,-128,55
7,-17,9,55
8,-91,-102,55
9,-123,-107,55
0,-108,-124,56
1,-91,31,56
2,-87,127,56
3,93,50,56
4,-26,52,56
5,16,74,56
6,90,128,56
7,-26,8,56
8,-87,-110,56
9,-121,-112,56
0,-103,-117,57
1,-88,38,57
2,-94,-125,57
3,93,44,57
4,-21,45,57
5,7,78,57
6,85,-121,57
7,-33,14,57
8,-84,-114,57
9,-125,-119,57
0,-97,-119,58
1,-83,36,58
2,-98,-123,58
3,88,42,58
4,-16,44,58
5,7,88,58
6,79,-124,58
7,-41,12,58
8,-81,-116,58
9,-123,-128,58
0,-93,-121,59
1,-75,40,59
2,-106,-127,59
3,86,40,59
4,-15,48,59
5,11,90,59
6,74,128,59
7,-47,15,59
8,-83,-125,59
9,-117,121,59
0,-88,-125,60
1,-70,39,60
2,-111,-128,60
3,77,41,60
4,-19,56,60
5,17,95,60
6,73,122,60
7,-54,14,60
8,-90,-125,60
9,-113,118,60
0,-82,-118,61
1,-63,40,61
2,-118,125,61
3,68,39,61
4,-11,62,61
5,13,102,61
6,67,119,61
7,-62,15,61
8,-98,-123,61
9,-119,110,61
0,-78,-117,62
1,-61,48,62
2,-125,118,62
3,65,41,62
4,-7,62,62
5,11,109,62
6,58,117,62
7,-62,25,62
8,-99,-121,62
9,-125,112,62
0,-71,-116,63
1,-52,50,63
2,-127,112,63
3,64,43,63
4,-4,64,63
5,6,111,63
6,59,108,63
7,-62,25,63
8,-99,-111,63
9,124,115,63
0,-65,-118,64
1,-45,43,64
2,123,107,64
3,56,46,64
4,3,62,64
5,3,120,64
6,67,108,64
7,-70,28,64
8,-104,-106,64
9,120,116,64
0,-58,-125,65
1,-42,36,65
2,121,106,65
3,55,48,65
4,6,65,65
5,6,125,65
6,68,101,65
7,-75,24,65
8,-113,-106,65
9,112,116,65
0,-60,-127,66
1,-35,36,66
2,117,103,66
3,62,53,66
4,11,69,66
5,13,127,66
6,73,101,66
7,-76,22,66
8,-122,-103,66
9,108,119,66
0,-64,-126,67
1,-33,28,67
2,110,110,67
3,68,60,67
4,5,77,67
5,14,-126,67
6,81,101,67
7,-74,13,67
8,-124,-99,67
9,109,121,67
0,-67,-121,68
1,-33,19,68
2,104,113,68
3,72,58,68
4,2,80,68
5,19,-124,68
6,82,104,68
7,-68,6,68
8,125,-103,68
9,117,119,68
0,-74,-124,69
1,-36,10,69
2,104,114,69
3,79,60,69
4,-7,84,69
5,24,-127,69
6,84,107,69
7,-67,6,69
8,128,-110,69
9,117,117,69
0,-81,-120,70
1,-36,1,70
2,113,115,70
3,87,61,70
4,-13,89,70
5,28,-123,70
6,91,107,70
7,-64,5,70
8,-123,-110,70
9,115,112,70
0,-81,-113,71
1,-35,-5,71
2,118,121,71
3,93,62,71
4,-20,96,71
5,37,-126,71
6,97,100,71
7,-59,0,71
8,-115,-116,71
9,120,109,71
0,-80,-113,72
1,-31,-6,72
2,113,126,72
3,97,64,72
4,-24,94,72
5,45,-127,72
6,102,96,72
7,-54,-4,72
8,-114,-115,72
9,121,106,72
0,-77,-109,73
1,-29,-4,73
2,105,-125,73
3,103,57,73
4,-34,94,73
5,47,-121,73
6,108,92,73
7,-50,-4,73
8,-107,-110,73
9,124,105,73
0,-72,-111,74
1,-23,-7,74
2,99,-126,74
3,106,52,74
4,-43,97,74
5,43,-117,74
6,110,92,74
7,-44,-5,74
8,-107,-102,74
9,124,102,74
0,-67,-112,75
1,-22,-15,75
2,99,127,75
3,108,45,75
4,-51,102,75
5,35,-119,75
6,118,88,75
7,-40,-1,75
8,-110,-98,75
9,122,96,75
0,-65,-117,76
1,-16,-15,76
2,99,121,76
3,114,37,76
4,-57,99,76
5,29,-125,76
6,125,84,76
7,-35,-2,76
8,-109,-94,76
9,112,96,76
0,-71,-121,77
1,-8,-21,77
2,99,119,77
3,117,36,77
4,-66,102,77
5,25,-123,77
6,127,84,77
7,-31,-8,77
8,-114,-86,77
9,112,96,77
0,-73,-121,78
1,-4,-27,78
2,104,112,78
3,118,33,78
4,-73,100,78
5,21,-127,78
6,-125,83,78
7,-25,-5,78
8,-112,-81,78
9,110,96,78
0,-77,-124,79
1,0,-36,79
2,112,114,79
3,112,25,79
4,-78,99,79
5,13,-121,79
6,-119,85,79
7,-24,-6,79
8,-120,-76,79
9,110,94,79
0,-86,-122,80
1,-6,-42,80
2,115,116,80
3,104,21,80
4,-80,91,80
5,9,-122,80
6,-115,90,80
7,-17,-8,80
8,-122,-76,80
9,115,90,80
0,-92,-125,81
1,-10,-41,81
2,121,118,81
3,99,28,81
4,-75,87,81
5,3,127,81
6,-112,98,81
7,-9,-7,81
8,-122,-67,81
9,124,88,81
0,-90,124,82
1,-10,-41,82
2,-128,124,82
3,94,29,82
4,-68,93,82
5,-6,-128,82
6,-105,97,82
7,-2,-9,82
8,-119,-59,82
9,124,78,82
0,-96,116,83
1,-11,-42,83
2,-127,128,83
3,89,25,83
4,-65,98,83
5,-13,-121,83
6,-100,103,83
7,-1,-17,83
8,-112,-57,83
9,128,74,83
0,-102,109,84
1,-8,-50,84
2,-119,-123,84
3,84,31,84
4,-65,104,84
5,-15,-119,84
6,-95,108,84
7,3,-17,84
8,-104,-61,84
9,-126,70,84
0,-104,104,85
1,-1,-49,85
2,-115,-115,85
3,76,37,85
4,-57,110,85
5,-21,-121,85
6,-95,111,85
7,3,-9,85
8,-104,-61,85
9,-120,73,85
0,-97,101,86
1,0,-48,86
2,-123,-109,86
3,74,40,86
4,-58,115,86
5,-27,-113,86
6,-101,112,86
7,3,-3,86
8,-98,-67,86
9,-117,68,86
0,-97,94,87
1,4,-45,87
2,-123,-103,87
3,81,46,87
4,-49,118,87
5,-26,-109,87
6,-104,105,87
7,4,5,87
8,-101,-76,87
9,-111,62,87
0,-95,88,88
1,8,-40,88
2,-114,-103,88
3,84,53,88
4,-42,122,88
5,-20,-107,88
6,-107,98,88
7,3,14,88
8,-98,-77,88
9,-105,54,88
0,-98,80,89
1,3,-34,89
2,-112,-95,89
3,83,58,89
4,-43,-126,89
5,-12,-111,89
6,-114,92,89
7,-5,19,89
8,-92,-77,89
9,-97,48,89
0,-103,81,90
1,4,-26,90
2,-116,-94,90
3,81,63,90
4,-34,-122,90
5,-5,-117,90
6,-110,83,90
7,-2,25,90
8,-85,-73,90
9,-91,48,90
0,-111,82,91
1,0,-18,91
2,-120,-92,91
3,87,67,91
4,-36,-116,91
5,1,-122,91
6,-114,81,91
7,5,28,91
8,-75,-73,91
9,-91,38,91
0,-111,83,92
1,1,-11,92
2,-124,-87,92
3,95,62,92
4,-45,-114,92
5,3,-128,92
6,-114,78,92
7,4,33,92
8,-75,-73,92
9,-93,29,92
0,-104,84,93
1,8,-10,93
2,-125,-79,93
3,102,56,93
4,-49,-105,93
5,11,-127,93
6,-115,71,93
7,10,38,93
8,-68,-78,93
9,-96,22,93
0,-101,86,94
1,12,-9,94
2,-126,-70,94
3,102,52,94
4,-50,-101,94
5,11,-123,94
6,-121,71,94
7,15,44,94
8,-70,-86,94
9,-97,15,94
0,-97,91,95
1,17,-2,95
2,-120,-66,95
3,95,47,95
4,-50,-92,95
5,3,-122,95
6,-124,68,95
7,20,48,95
8,-72,-95,95
9,-97,11,95
0,-91,95,96
1,18,-1,96
2,-117,-60,96
3,87,52,96
4,-59,-91,96
5,0,-117,96
6,-127,70,96
7,22,50,96
8,-75,-103,96
9,-96,4,96
0,-88,101,97
1,15,3,97
2,-118,-55,97
3,80,59,97
4,-64,-85,97
5,-4,-118,97
6,-126,73,97
7,27,53,97
8,-76,-106,97
9,-103,-1,97
0,-92,110,98
1,14,12,98
2,-124,-47,98
3,72,53,98
4,-70,-81,98
5,-8,-114,98
6,-118,78,98
7,36,57,98
8,-73,-108,98
9,-100,-8,98
0,-94,117,99
1,9,12,99
2,125,-48,99
3,67,58,99
4,-69,-79,99
5,-14,-111,99
6,-120,83,99
7,45,58,99
8,-73,-113,99
9,-106,-14,99
0,-93,121,100
1,5,7,100
2,121,-53,100
3,64,64,100
4,-62,-75,100
5,-20,-118,100
6,-124,86,100
7,45,61,100
8,-79,-115,100
9,-112,-19,100
0,-65,-70,1
1,50,-35,1
2,6,-42,1
3,-22,-115,1
4,-128,-63,1
5,127,-33,1
6,-97,-56,1
7,-11,-103,1
8,-115,61,1
9,84,-18,1
0,-61,-72,2
1,43,-29,2
2,3,-36,2
3,-30,-119,2
4,-123,-65,2
5,121,-31,2
6,-102,-61,2
7,-5,-108,2
8,-114,55,2
9,83,-9,2
0,-57,-71,3
1,41,-24,3
2,2,-34,3
3,-37,-118,3
4,-123,-71,3
5,118,-31,3
6,-100,-70,3
7,-3,-106,3
8,-110,49,3
9,82,-3,3
0,-49,-73,4
1,39,-22,4
2,-3,-35,4
3,-43,-116,4
4,125,-71,4
5,112,-32,4
6,-104,-79,4
7,-2,-99,4
8,-113,46,4
9,76,-1,4
0,-50,-77,5
1,30,-26,5
2,-6,-41,5
3,-45,-119,5
4,124,-78,5
5,109,-32,5
6,-105,-84,5
7,-4,-95,5
8,-115,43,5
9,73,-9,5
0,-51,-82,6
1,21,-28,6
2,-13,-43,6
3,-48,-127,6
4,-128,-85,6
5,102,-38,6
6,-111,-88,6
7,-7,-96,6
8,-121,46,6
9,75,-11,6
0,-55,-90,7
1,16,-29,7
2,-17,-36,7
3,-54,126,7
4,-127,-90,7
5,102,-47,7
6,-110,-92,7
7,-13,-91,7
8,127,49,7
9,83,-14,7
0,-55,-90,8
1,16,-29,8
2,-17,-36,8
3,-54,126,8
4,-127,-90,8
5,102,-47,8
6,-110,-92,8
7,-13,-91,8
8,127,49,8
9,83,-14,8
0,-55,-90,9
1,16,-29,9
2,-17,-36,9
3,-54,126,9
4,-127,-90,9
5,102,-47,9
6,-110,-92,9
7,-13,-91,9
8,127,49,9
9,83,-14,9
0,-55,-90,10
1,16,-29,10
2,-17,-36,10
3,-54,126,10
4,-127,-90,10
5,102,-47,10
6,-110,-92,10
7,-13,-91,10
8,127,49,10
9,83,-14,10
0,-55,-90,11
1,16,-29,11
2,-17,-36,11
3,-54,126,11
4,-127,-90,11
5,102,-47,11
6,-110,-92,11
7,-13,-91,11
8,127,49,11
9,83,-14,11
0,-55,-90,12
1,16,-29,12
2,-17,-36,12
3,-54,126,12
4,-127,-90,12
5,102,-47,12
6,-110,-92,12
7,-13,-91,12
8,127,49,12
9,83,-14,12
0,-55,-90,13
1,16,-29,13
2,-17,-36,13
3,-54,126,13
4,-127,-90,13
5,102,-47,13
6,-110,-92,13
7,-13,-91,13
8,127,49,13
9,83,-14,13
0,-55,-90,14
1,16,-29,14
2,-17,-36,14
3,-54,126,14
4,-127,-90,14
5,102,-47,14
6,-110,-92,14
7,-13,-91,14
8,127,49,14
9,83,-14,14
0,-55,-90,15
1,16,-29,15
2,-17,-36,15
3,-54,126,15
4,-127,-90,15
5,102,-47,15
6,-110,-92,15
7,-13,-91,15
8,127,49,15
9,83,-14,15
0,-55,-90,16
1,16,-29,16
2,-17,-36,16
3,-54,126,16
4,-127,-90,16
5,102,-47,16
6,-110,-92,16
7,-13,-91,16
8,127,49,16
9,83,-14,16
0,-55,-90,17
1,16,-29,17
2,-17,-36,17
3,-54,126,17
4,-127,-90,17
5,102,-47,17
6,-110,-92,17
7,-13,-91,17
8,127,49,17
9,83,-14,17
0,-55,-90,18
1,16,-29,18
2,-17,-36,18
3,-54,126,18
4,-127,-90,18
5,102,-47,18
6,-110,-92,18
7,-13,-91,18
8,127,49,18
9,83,-14,18
0,-55,-90,19
1,16,-29,19
2,-17,-36,19
3,-54,126,19
4,-127,-90,19
5,102,-47,19
6,-110,-92,19
7,-13,-91,19
8,127,49,19
9,83,-14,19
0,-55,-90,20
1,16,-29,20
2,-17,-36,20
3,-54,126,20
4,-127,-90,20
5,102,-47,20
6,-110,-92,20
7,-13,-91,20
8,127,49,20
9,83,-14,20
0,-55,-90,21
1,16,-29,21
2,-17,-36,21
3,-54,126,21
4,-127,-90,21
5,102,-47,21
6,-110,-92,21
7,-13,-91,21
8,127,49,21
9,83,-14,21
0,-55,-90,22
1,16,-29,22
2,-17,-36,22
3,-54,126,22
4,-127,-90,22
5,102,-47,22
6,-110,-92,22
7,-13,-91,22
8,127,49,22
9,83,-14,22
0,-55,-90,23
1,16,-29,23
2,-17,-36,23
3,-54,126,23
4,-127,-90,23
5,102,-47,23
6,-110,-92,23
7,-13,-91,23
8,127,49,23
9,83,-14,23
0,-55,-90,24
1,16,-29,24
2,-17,-36,24
3,-54,126,24
4,-127,-90,24
5,102,-47,24
6,-110,-92,24
7,-13,-91,24
8,127,49,24
9,83,-14,24
0,-55,-90,25
1,16,-29,25
2,-17,-36,25
3,-54,126,25
4,-127,-90,25
5,102,-47,25
6,-110,-92,25
7,-13,-91,25
8,127,49,25
9,83,-14,25
0,-55,-90,26
1,16,-29,26
2,-17,-36,26
3,-54,126,26
4,-127,-90,26
5,102,-47,26
6,-110,-92,26
7,-13,-91,26
8,127,49,26
9,83,-14,26
0,-55,-90,27
1,16,-29,27
2,-17,-36,27
3,-54,126,27
4,-127,-90,27
5,102,-47,27
6,-110,-92,27
7,-13,-91,27
8,127,49,27
9,83,-14,27
0,-55,-90,28
1,16,-29,28
2,-17,-36,28
3,-54,126,28
4,-127,-90,28
5,102,-47,28
6,-110,-92,28
7,-13,-91,28
8,127,49,28
9,83,-14,28
0,-55,-90,29
1,16,-29,29
2,-17,-36,29
3,-54,126,29
4,-127,-90,29
5,102,-47,29
6,-110,-92,29
7,-13,-91,29
8,127,49,29
9,83,-14,29
0,-55,-90,30
1,16,-29,30
2,-17,-36,30
3,-54,126,30
4,-127,-90,30
5,102,-47,30
6,-110,-92,30
7,-13,-91,30
8,127,49,30
9,83,-14,30
0,-55,-90,31
1,16,-29,31
2,-17,-36,31
3,-54,126,31
4,-127,-90,31
5,102,-47,31
6,-110,-92,31
7,-13,-91,31
8,127,49,31
9,83,-14,31
0,-104,-88,1
1,-26,-55,1
2,-33,16,1
3,-125,-114,1
4,7,91,1
5,-30,-100,1
6,35,-96,1
7,-40,15,1
8,-123,71,1
9,-54,-23,1
0,-104,-88,2
1,-26,-55,2
2,-33,16,2
3,-125,-114,2
4,7,91,2
5,-30,-100,2
6,35,-96,2
7,-40,15,2
8,-123,71,2
9,-54,-23,2
0,-104,-88,3
1,-26,-55,3
2,-33,16,3
3,-125,-114,3
4,7,91,3
5,-30,-100,3
6,35,-96,3
7,-40,15,3
8,-123,71,3
9,-54,-23,3
0,-104,-88,4
1,-26,-55,4
2,-33,16,4
3,-125,-114,4
4,7,91,4
5,-30,-100,4
6,35,-96,4
7,-40,15,4
8,-123,71,4
9,-54,-23,4
0,-104,-88,5
1,-26,-55,5
2,-33,16,5
3,-125,-114,5
4,7,91,5
5,-30,-100,5
6,35,-96,5
7,-40,15,5
8,-123,71,5
9,-54,-23,5
0,-104,-88,6
1,-26,-55,6
2,-33,16,6
3,-125,-114,6
4,7,91,6
5,-30,-100,6
6,35,-96,6
7,-40,15,6
8,-123,71,6
9,-54,-23,6
0,-104,-88,7
1,-26,-55,7
2,-33,16,7
3,-125,-114,7
4,7,91,7
5,-30,-100,7
6,35,-96,7
7,-40,15,7
8,-123,71,7
9,-54,-23,7
0,-104,-88,8
1,-26,-55,8
2,-33,16,8
3,-125,-114,8
4,7,91,8
5,-30,-100,8
6,35,-96,8
7,-40,15,8
8,-123,71,8
9,-54,-23,8
0,-104,-88,9
1,-26,-55,9
2,-33,16,9
3,-125,-114,9
4,7,91,9
5,-30,-100,9
6,35,-96,9
7,-40,15,9
8,-123,71,9
9,-54,-23,9
0,-104,-88,10
1,-26,-55,10
2,-33,16,10
3,-125,-114,10
4,7,91,10
5,-30,-100,10
6,35,-96,10
7,-40,15,10
8,-123,71,10
9,-54,-23,10
0,-104,-88,11
1,-26,-55,11
2,-33,16,11
3,-125,-114,11
4,7,91,11
5,-30,-100,11
6,35,-96,11
7,-40,15,11
8,-123,71,11
9,-54,-23,11
0,-104,-88,12
1,-26,-55,12
2,-33,16,12
3,-125,-114,12
4,7,91,12
5,-30,-100,12
6,35,-96,12
7,-40,15,12
8,-123,71,12
9,-54,-23,12
0,-104,-88,13
1,-26,-55,13
2,-33,16,13
3,-125,-114,13
4,7,91,13
5,-30,-100,13
6,35,-96,13
7,-40,15,13
8,-123,71,13
9,-54,-23,13
0,-104,-88,14
1,-26,-55,14
2,-33,16,14
3,-125,-114,14
4,7,91,14
5,-30,-100,14
6,35,-96,14
7,-40,15,14
8,-123,71,14
9,-54,-23,14
0,-104,-88,15
1,-26,-55,15
2,-33,16,15
3,-125,-114,15
4,7,91,15
5,-30,-100,15
6,35,-96,15
7,-40,15,15
8,-123,71,15
9,-54,-23,15
0,-104,-88,16
1,-26,-55,16
2,-33,16,16
3,-125,-114,16
4,7,91,16
5,-30,-100,16
6,35,-96,16
7,-40,15,16
8,-123,71,16
9,-54,-23,16
0,-104,-88,17
1,-26,-55,17
2,-33,16,17
3,-125,-114,17
4,7,91,17
5,-30,-100,17
6,35,-96,17
7,-40,15,17
8,-123,71,17
9,-54,-23,17
0,-104,-88,18
1,-26,-55,18
2,-33,16,18
3,-125,-114,18
4,7,91,18
5,-30,-100,18
6,35,-96,18
7,-40,15,18
8,-123,71,18
9,-54,-23,18
0,-104,-88,19
1,-26,-55,19
2,-33,16,19
3,-125,-114,19
4,7,91,19
5,-30,-100,19
6,35,-96,19
7,-40,15,19
8,-123,71,19
9,-54,-23,19
0,-104,-88,20
1,-26,-55,20
2,-33,16,20
3,-125,-114,20
4,7,91,20
5,-30,-100,20
6,35,-96,20
7,-40,15,20
8,-123,71,20
9,-54,-23,20
0,-104,-88,21
1,-26,-55,21
2,-33,16,21
3,-125,-114,21
4,7,91,21
5,-30,-100,21
6,35,-96,21
7,-40,15,21
8,-123,71,21
9,-54,-23,21
0,-104,-88,22
1,-26,-55,22
2,-33,16,22
3,-125,-114,22
4,7,91,22
5,-30,-100,22
6,35,-96,22
7,-40,15,22
8,-123,71,22
9,-54,-23,22
0,-104,-88,23
1,-26,-55,23
2,-33,16,23
3,-125,-114,23
4,7,91,23
5,-30,-100,23
6,35,-96,23
7,-40,15,23
8,-123,71,23
9,-54,-23,23
0,-104,-88,24
1,-26,-55,24
2,-33,16,24
3,-125,-114,24
4,7,91,24
5,-30,-100,24
6,35,-96,24
7,-40,15,24
8,-123,71,24
9,-54,-23,24
0,-104,-88,25
1,-26,-55,25
2,-33,16,25
3,-125,-114,25
4,7,91,25
5,-30,-100,25
6,35,-96,25
7,-40,15,25
8,-123,71,25
9,-54,-23,25
0,-104,-88,26
1,-26,-55,26
2,-33,16,26
3,-125,-114,26
4,7,91,26
5,-30,-100,26
6,35,-96,26
7,-40,15,26
8,-123,71,26
9,-54,-23,26
0,-104,-88,27
1,-26,-55,27
2,-33,16,27
3,-125,-114,27
4,7,91,27
5,-30,-100,27
6,35,-96,27
7,-40,15,27
8,-123,71,27
9,-54,-23,27
0,-104,-88,28
1,-26,-55,28
2,-33,16,28
3,-125,-114,28
4,7,91,28
5,-30,-100,28
6,35,-96,28
7,-40,15,28
8,-123,71,28
9,-54,-23,28
0,-104,-88,29
1,-26,-55,29
2,-33,16,29
3,-125,-114,29
4,7,91,29
5,-30,-100,29
6,35,-96,29
7,-40,15,29
8,-123,71,29
9,-54,-23,29
0,-104,-88,30
1,-26,-55,30
2,-33,16,30
3,-125,-114,30
4,7,91,30
5,-30,-100,30
6,35,-96,30
7,-40,15,30
8,-123,71,30
9,-54,-23,30
0,-104,-88,31
1,-26,-55,31
2,-33,16,31
3,-125,-114,31
4,7,91,31
5,-30,-100,31
6,35,-96,31
7,-40,15,31
8,-123,71,31
9,-54,-23,31
0,-104,-88,32
1,-26,-55,32
2,-33,16,32
3,-125,-114,32
4,7,91,32
5,-30,-100,32
6,35,-96,32
7,-40,15,32
8,-123,71,32
9,-54,-23,32
0,-104,-88,33
1,-26,-55,33
2,-33,16,33
3,-125,-114,33
4,7,91,33
5,-30,-100,33
6,35,-96,33
7,-40,15,33
8,-123,71,33
9,-54,-23,33
0,-104,-88,34
1,-26,-55,34
2,-33,16,34
3,-125,-114,34
4,7,91,34
5,-30,-100,34
6,35,-96,34
7,-40,15,34
8,-123,71,34
9,-54,-23,34
0,-104,-88,35
1,-26,-55,35
2,-33,16,35
3,-125,-114,35
4,7,91,35
5,-30,-100,35
6,35,-96,35
7,-40,15,35
8,-123,71,35
9,-54,-23,35
0,-104,-88,36
1,-26,-55,36
2,-33,16,36
3,-125,-114,36
4,7,91,36
5,-30,-100,36
6,35,-96,36
7,-40,15,36
8,-123,71,36
9,-54,-23,36
0,-104,-88,37
1,-26,-55,37
2,-33,16,37
3,-125,-114,37
4,7,91,37
5,-30,-100,37
6,35,-96,37
7,-40,15,37
8,-123,71,37
9,-54,-23,37
0,-104,-88,38
1,-26,-55,38
2,-33,16,38
3,-125,-114,38
4,7,91,38
5,-30,-100,38
6,35,-96,38
7,-40,15,38
8,-123,71,38
9,-54,-23,38
0,-104,-88,39
1,-26,-55,39
2,-33,16,39
3,-125,-114,39
4,7,91,39
5,-30,-100,39
6,35,-96,39
7,-40,15,39
8,-123,71,39
9,-54,-23,39
0,-104,-88,40
1,-26,-55,40
2,-33,16,40
3,-125,-114,40
4,7,91,40
5,-30,-100,40
6,35,-96,40
7,-40,15,40
8,-123,71,40
9,-54,-23,40
0,-104,-88,41
1,-26,-55,41
2,-33,16,41
3,-125,-114,41
4,7,91,41
5,-30,-100,41
6,35,-96,41
7,-40,15,41
8,-123,71,41
9,-54,-23,41
0,-104,-88,42
1,-26,-55,42
2,-33,16,42
3,-125,-114,42
4,7,91,42
5,-30,-100,42
6,35,-96,42
7,-40,15,42
8,-123,71,42
9,-54,-23,42
0,-118,-103,1
1,-108,-102,1
2,-84,-108,1
3,-21,97,1
4,113,111,1
5,-86,-119,1
6,-34,-44,1
7,-95,-99,1
8,-98,-19,1
9,73,100,1
0,-118,-103,2
1,-108,-102,2
2,-84,-108,2
3,-21,97,2
4,113,111,2
5,-86,-119,2
6,-34,-44,2
7,-95,-99,2
8,-98,-19,2
9,73,100,2
0,-118,-103,3
1,-108,-102,3
2,-84,-108,3
3,-21,97,3
4,113,111,3
5,-86,-119,3
6,-34,-44,3
7,-95,-99,3
8,-98,-19,3
9,73,100,3
0,-118,-103,4
1,-108,-102,4
2,-84,-108,4
3,-21,97,4
4,113,111,4
5,-86,-119,4
6,-34,-44,4
7,-95,-99,4
8,-98,-19,4
9,73,100,4
0,-118,-103,5
1,-108,-102,5
2,-84,-108,5
3,-21,97,5
4,113,111,5
5,-86,-119,5
6,-34,-44,5
7,-95,-99,5
8,-98,-19,5
9,73,100,5
0,-118,-103,6
1,-108,-102,6
2,-84,-108,6
3,-21,97,6
4,113,111,6
5,-86,-119,6
6,-34,-44,6
7,-95,-99,6
8,-98,-19,6
9,73,100,6
0,-118,-103,7
1,-108,-102,7
2,-84,-108,7
3,-21,97,7
4,113,111,7
5,-86,-119,7
6,-34,-44,7
7,-95,-99,7
8,-98,-19,7
9,73,100,7
0,-118,-103,8
1,-108,-102,8
2,-84,-108,8
3,-21,97,8
4,113,111,8
5,-86,-119,8
6,-34,-44,8
7,-95,-99,8
8,-98,-19,8
9,73,100,8
0,-118,-103,9
1,-108,-102,9
2,-84,-108,9
3,-21,97,9
4,113,111,9
5,-86,-119,9
6,-34,-44,9
7,-95,-99,9
8,-98,-19,9
9,73,100,9
0,-115,-97,10
1,-116,-99,10
2,-86,-110,10
3,-18,96,10
4,105,106,10
5,-90,-125,10
6,-27,-43,10
7,-104,-99,10
8,-94,-21,10
9,70,107,10
0,-114,-90,11
1,-118,-95,11
2,-85,-112,11
3,-12,101,11
4,100,104,11
5,-93,-125,11
6,-19,-40,11
7,-107,-92,11
8,-96,-27,11
9,72,113,11
0,-114,-82,12
1,-119,-88,12
2,-91,-117,12
3,-15,109,12
4,93,101,12
5,-97,126,12
6,-17,-42,12
7,-108,-87,12
8,-95,-36,12
9,73,115,12
0,-109,-80,13
1,-125,-81,13
2,-98,-124,13
3,-12,113,13
4,94,97,13
5,-99,118,13
6,-10,-48,13
7,-114,-86,13
8,-89,-38,13
9,72,116,13
0,-103,-83,14
1,-127,-76,14
2,-102,-120,14
3,-8,116,14
4,100,91,14
5,-106,117,14
6,-10,-53,14
7,-120,-80,14
8,-86,-38,14
9,71,115,14
0,-105,-90,15
1,-123,-71,15
2,-110,-122,15
3,-7,125,15
4,105,96,15
5,-108,119,15
6,-19,-55,15
7,-124,-72,15
8,-82,-31,15
9,68,109,15
0,-102,-91,16
1,-121,-66,16
2,-116,128,16
3,-7,-124,16
4,110,93,16
5,-113,117,16
6,-23,-64,16
7,128,-65,16
8,-80,-32,16
9,59,105,16
0,-104,-100,17
1,-128,-61,17
2,-119,-127,17
3,-5,-122,17
4,115,90,17
5,-118,111,17
6,-23,-70,17
7,125,-67,17
8,-75,-36,17
9,54,103,17
0,-112,-106,18
1,128,-58,18
2,-127,-124,18
3,-1,-124,18
4,124,89,18
5,-123,109,18
6,-16,-73,18
7,122,-68,18
8,-75,-45,18
9,55,98,18
0,-120,-110,19
1,128,-58,19
2,127,-121,19
3,2,128,19
4,-128,93,19
5,126,110,19
6,-12,-74,19
7,118,-67,19
8,-71,-46,19
9,53,92,19
0,-127,-112,20
1,127,-51,20
2,121,-125,20
3,0,126,20
4,126,101,20
5,118,108,20
6,-10,-73,20
7,110,-72,20
8,-68,-45,20
9,43,92,20
0,-127,-117,21
1,-126,-48,21
2,121,-126,21
3,-2,124,21
4,127,108,21
5,117,110,21
6,-6,-66,21
7,103,-71,21
8,-66,-51,21
9,38,95,21
0,-124,-119,22
1,-123,-48,22
2,113,127,22
3,-5,125,22
4,125,109,22
5,117,110,22
6,1,-61,22
7,99,-63,22
8,-64,-59,22
9,31,97,22
0,-124,-128,23
1,-115,-45,23
2,105,123,23
3,-5,-125,23
4,117,107,23
5,119,117,23
6,8,-64,23
7,96,-64,23
8,-71,-64,23
9,31,100,23
0,-125,-128,24
1,-113,-43,24
2,105,115,24
3,-13,-121,24
4,112,108,24
5,118,120,24
6,9,-64,24
7,93,-66,24
8,-75,-64,24
9,31,106,24
0,-128,-119,25
1,-107,-40,25
2,103,110,25
3,-14,-113,25
4,103,108,25
5,121,125,25
6,11,-70,25
7,85,-69,25
8,-78,-64,25
9,31,106,25
0,-126,-115,26
1,-107,-40,26
2,97,110,26
3,-19,-110,26
4,102,106,26
5,122,-123,26
6,9,-73,26
7,83,-74,26
8,-79,-63,26
9,28,112,26
0,-126,-114,27
1,-107,-35,27
2,97,108,27
3,-24,-111,27
4,99,106,27
5,125,-120,27
6,1,-72,27
7,83,-78,27
8,-74,-56,27
9,28,121,27
0,-126,-109,28
1,-116,-31,28
2,106,105,28
3,-25,-114,28
4,96,101,28
5,-124,-120,28
6,-7,-76,28
7,85,-86,28
8,-66,-58,28
9,35,127,28
0,124,-108,29
1,-121,-24,29
2,112,110,29
3,-33,-120,29
4,93,98,29
5,-123,-121,29
6,-10,-76,29
7,93,-92,29
8,-61,-62,29
9,34,-121,29
0,117,-114,30
1,-125,-19,30
2,120,105,30
3,-39,-113,30
4,86,94,30
5,-116,-128,30
6,-10,-66,30
7,92,-94,30
8,-58,-63,30
9,38,-112,30
0,114,-117,31
1,128,-12,31
2,127,102,31
3,-36,-107,31
4,78,99,31
5,-113,-127,31
6,-8,-65,31
7,87,-101,31
8,-52,-57,31
9,47,-112,31
0,113,-123,32
1,119,-10,32
2,-125,110,32
3,-28,-109,32
4,75,105,32
5,-105,-126,32
6,-4,-66,32
7,79,-100,32
8,-45,-64,32
9,54,-110,32
0,106,-125,33
1,114,-3,33
2,-118,114,33
3,-27,-117,33
4,67,106,33
5,-97,-128,33
6,1,-66,33
7,79,-98,33
8,-47,-71,33
9,54,-105,33
0,103,-119,34
1,119,5,34
2,-113,120,34
3,-25,-121,34
4,65,105,34
5,-96,-128,34
6,1,-62,34
7,75,-97,34
8,-54,-78,34
9,45,-103,34
0,101,-114,35
1,128,7,35
2,-117,125,35
3,-20,-128,35
4,67,97,35
5,-94,126,35
6,-5,-58,35
7,68,-96,35
8,-54,-78,35
9,37,-104,35
0,98,-115,36
1,-119,7,36
2,-119,-127,36
3,-12,-123,36
4,61,90,36
5,-95,124,36
6,-10,-59,36
7,68,-87,36
8,-60,-76,36
9,32,-112,36
0,90,-121,37
1,-115,14,37
2,-123,-125,37
3,-4,-124,37
4,57,88,37
5,-99,119,37
6,-11,-67,37
7,61,-81,37
8,-58,-68,37
9,26,-110,37
0,85,-126,38
1,-113,21,38
2,-128,-121,38
3,4,-126,38
4,58,85,38
5,-92,113,38
6,-12,-74,38
7,61,-78,38
8,-54,-65,38
9,25,-113,38
0,86,-128,39
1,-113,22,39
2,-126,-118,39
3,10,-128,39
4,67,84,39
5,-84,117,39
6,-11,-76,39
7,63,-74,39
8,-48,-68,39
9,19,-112,39
0,82,123,40
1,-111,29,40
2,-123,-110,40
3,18,-125,40
4,70,87,40
5,-78,114,40
6,-5,-82,40
7,66,-70,40
8,-47,-71,40
9,10,-109,40
0,83,115,41
1,-114,37,41
2,-116,-107,41
3,26,-125,41
4,70,97,41
5,-80,105,41
6,3,-87,41
7,76,-70,41
8,-47,-81,41
9,3,-112,41
0,82,107,42
1,-114,38,42
2,-106,-107,42
3,27,-124,42
4,61,97,42
5,-75,99,42
6,8,-81,42
7,84,-70,42
8,-46,-84,42
9,3,-120,42
0,86,101,43
1,-109,45,43
2,-104,-100,43
3,31,-121,43
4,57,90,43
5,-67,99,43
6,7,-79,43
7,86,-75,43
8,-49,-93,43
9,-4,-125,43
0,91,94,44
1,-104,49,44
2,-104,-98,44
3,36,-126,44
4,55,90,44
5,-64,100,44
6,3,-70,44
7,86,-79,44
8,-47,-96,44
9,-12,-121,44
0,99,92,45
1,-96,43,45
2,-107,-98,45
3,45,-123,45
4,52,94,45
5,-59,94,45
6,7,-61,45
7,87,-80,45
8,-44,-104,45
9,-16,-124,45
0,104,95,46
1,-92,45,46
2,-114,-92,46
3,47,-117,46
4,43,97,46
5,-57,88,46
6,4,-55,46
7,92,-77,46
8,-49,-107,46
9,-22,-122,46
0,114,95,47
1,-90,50,47
2,-115,-86,47
3,47,-108,47
4,41,91,47
5,-54,81,47
6,4,-45,47
7,99,-78,47
8,-48,-115,47
9,-28,127,47
0,114,94,48
1,-98,54,48
2,-109,-79,48
3,48,-99,48
4,37,84,48
5,-59,73,48
6,2,-44,48
7,101,-80,48
8,-46,-123,48
9,-35,128,48
0,109,89,49
1,-103,56,49
2,-104,-81,49
3,40,-93,49
4,40,81,49
5,-64,68,49
6,-1,-45,49
7,109,-80,49
8,-46,-123,49
9,-41,128,49
0,106,92,50
1,-109,50,50
2,-104,-91,50
3,40,-87,50
4,43,72,50
5,-69,73,50
6,-3,-52,50
7,117,-80,50
8,-43,-125,50
9,-41,-127,50
0,106,94,51
1,-116,53,51
2,-113,-95,51
3,36,-83,51
4,43,63,51
5,-76,67,51
6,-1,-53,51
7,126,-77,51
8,-35,-120,51
9,-33,-127,51
0,109,95,52
1,-120,55,52
2,-115,-102,52
3,37,-77,52
4,37,55,52
5,-75,62,52
6,2,-52,52
7,-122,-76,52
8,-28,-120,52
9,-33,-119,52
0,112,86,53
1,-126,61,53
2,-108,-106,53
3,44,-73,53
4,37,46,53
5,-78,58,53
6,5,-54,53
7,-120,-75,53
8,-24,-115,53
9,-37,-113,53
0,121,83,54
1,-123,67,54
2,-112,-114,54
3,47,-76,54
4,46,46,54
5,-82,54,54
6,5,-58,54
7,-113,-81,54
8,-20,-115,54
9,-38,-112,54
0,-127,85,55
1,-126,76,55
2,-115,-123,55
3,51,-72,55
4,53,46,55
5,-81,49,55
6,8,-59,55
7,-106,-84,55
8,-19,-108,55
9,-35,-103,55
0,-123,77,56
1,128,78,56
2,-112,-128,56
3,55,-65,56
4,61,49,56
5,-82,41,56
6,18,-59,56
7,-104,-83,56
8,-11,-103,56
9,-29,-96,56
0,-118,79,57
1,123,78,57
2,-114,125,57
3,52,-57,57
4,62,51,57
5,-77,38,57
6,21,-55,57
7,-107,-76,57
8,-10,-96,57
9,-29,-93,57
0,-115,80,58
1,120,87,58
2,-116,117,58
3,48,-50,58
4,60,56,58
5,-77,32,58
6,27,-57,58
7,-101,-68,58
8,-8,-96,58
9,-20,-93,58
0,-111,78,59
1,118,93,59
2,-124,117,59
3,41,-48,59
4,62,63,59
5,-78,24,59
6,32,-60,59
7,-107,-60,59
8,-3,-100,59
9,-20,-90,59
0,-109,72,60
1,110,94,60
2,-124,123,60
3,35,-55,60
4,61,65,60
5,-79,19,60
6,36,-54,60
7,-113,-56,60
8,2,-97,60
9,-24,-82,60
0,-104,69,61
1,104,91,61
2,127,-127,61
3,37,-60,61
4,63,74,61
5,-84,15,61
6,44,-50,61
7,-120,-56,61
8,4,-100,61
9,-21,-74,61
0,-107,62,62
1,99,89,62
2,-126,-121,62
3,34,-68,62
4,69,73,62
5,-91,13,62
6,50,-52,62
7,128,-60,62
8,-1,-108,62
9,-14,-73,62
0,-105,61,63
1,92,83,63
2,-128,-117,63
3,41,-72,63
4,78,75,63
5,-98,10,63
6,49,-59,63
7,127,-67,63
8,-6,-112,63
9,-9,-75,63
0,-100,64,64
1,89,84,64
2,-128,-116,64
3,41,-82,64
4,86,72,64
5,-101,6,64
6,51,-60,64
7,119,-72,64
8,-5,-117,64
9,-8,-74,64
0,-95,65,65
1,82,78,65
2,-120,-115,65
3,39,-91,65
4,94,69,65
5,-97,-1,65
6,57,-59,65
7,119,-77,65
8,-10,-125,65
9,-1,-80,65
0,-91,63,66
1,86,70,66
2,-117,-113,66
3,45,-93,66
4,94,61,66
5,-99,-4,66
6,60,-57,66
7,123,-77,66
8,-4,124,66
9,1,-78,66
0,-82,62,67
1,86,67,67
2,-111,-113,67
3,44,-98,67
4,101,57,67
5,-108,-3,67
6,62,-53,67
7,123,-77,67
8,0,124,67
9,2,-71,67
0,-77,64,68
1,90,58,68
2,-105,-105,68
3,35,-101,68
4,101,57,68
5,-111,-1,68
6,71,-52,68
7,-127,-73,68
8,2,-124,68
9,1,-70,68
0,-73,61,69
1,84,54,69
2,-107,-102,69
3,26,-105,69
4,108,54,69
5,-111,0,69
6,72,-51,69
7,-122,-72,69
8,-3,-118,69
9,0,-61,69
0,-70,60,70
1,81,55,70
2,-109,-100,70
3,21,-110,70
4,114,46,70
5,-119,2,70
6,73,-47,70
7,-118,-78,70
8,-5,-111,70
9,-1,-58,70
0,-68,66,71
1,78,61,71
2,-113,-101,71
3,26,-117,71
4,122,50,71
5,-121,8,71
6,80,-42,71
7,-121,-81,71
8,-5,-111,71
9,2,-49,71
0,-74,71,72
1,76,62,72
2,-114,-102,72
3,24,-125,72
4,122,53,72
5,-120,12,72
6,84,-38,72
7,-128,-83,72
8,0,-109,72
9,2,-43,72
0,-80,79,73
1,77,64,73
2,-119,-101,73
3,25,-126,73
4,127,61,73
5,-116,15,73
6,92,-33,73
7,126,-75,73
8,2,-111,73
9,2,-42,73
0,-85,81,74
1,86,60,74
2,-122,-98,74
3,32,-128,74
4,-128,70,74
5,-113,14,74
6,90,-29,74
7,126,-72,74
8,-1,-117,74
9,1,-42,74
0,-85,86,75
1,88,60,75
2,-127,-102,75
3,39,-121,75
4,-128,75,75
5,-107,13,75
6,82,-24,75
7,117,-72,75
8,4,-121,75
9,-1,-33,75
0,-87,91,76
1,89,51,76
2,-128,-110,76
3,40,-116,76
4,-124,83,76
5,-101,8,76
6,79,-17,76
7,114,-70,76
8,7,-127,76
9,-4,-32,76
0,-85,95,77
1,83,50,77
2,-121,-115,77
3,40,-115,77
4,-121,91,77
5,-100,1,77
6,70,-15,77
7,107,-68,77
8,16,-125,77
9,-10,-34,77
0,-77,100,78
1,81,59,78
2,-116,-118,78
3,40,-109,78
4,-118,100,78
5,-99,0,78
6,66,-19,78
7,107,-60,78
8,16,-116,78
9,-10,-34,78
0,-75,109,79
1,76,62,79
2,-114,-126,79
3,35,-102,79
4,-121,108,79
5,-101,-5,79
6,65,-27,79
7,103,-57,79
8,12,-115,79
9,-17,-35,79
0,-78,116,80
1,76,65,80
2,-108,127,80
3,33,-102,80
4,-120,115,80
5,-97,-10,80
6,61,-27,80
7,103,-49,80
8,11,-116,80
9,-18,-38,80
0,-84,121,81
1,82,73,81
2,-101,-125,81
3,33,-102,81
4,128,117,81
5,-103,-15,81
6,55,-32,81
7,107,-42,81
8,9,-117,81
9,-26,-43,81
0,-90,119,82
1,85,76,82
2,-100,-126,82
3,32,-94,82
4,119,120,82
5,-99,-21,82
6,59,-41,82
7,107,-33,82
8,4,-121,82
9,-30,-51,82
0,-93,120,83
1,90,79,83
2,-93,-121,83
3,41,-91,83
4,120,128,83
5,-99,-21,83
6,52,-48,83
7,112,-32,83
8,-2,-128,83
9,-36,-59,83
0,-94,118,84
1,98,79,84
2,-93,-119,84
3,43,-97,84
4,122,-120,84
5,-96,-25,84
6,50,-50,84
7,116,-27,84
8,-5,125,84
9,-43,-65,84
0,-97,111,85
1,107,76,85
2,-85,-116,85
3,51,-102,85
4,-126,-122,85
5,-95,-28,85
6,54,-55,85
7,121,-23,85
8,-7,120,85
9,-42,-73,85
0,-101,111,86
1,108,70,86
2,-87,-109,86
3,55,-99,86
4,-119,-120,86
5,-87,-33,86
6,60,-52,86
7,122,-21,86
8,-12,117,86
9,-35,-73,86
0,-103,114,87
1,109,70,87
2,-79,-103,87
3,53,-92,87
4,-114,-113,87
5,-88,-42,87
6,64,-58,87
7,119,-15,87
8,-21,120,87
9,-33,-69,87
0,-98,122,88
1,116,70,88
2,-70,-106,88
3,50,-88,88
4,-114,-110,88
5,-89,-46,88
6,66,-66,88
7,126,-11,88
8,-29,124,88
9,-26,-64,88
0,-95,-126,89
1,120,70,89
2,-65,-106,89
3,42,-89,89
4,-118,-103,89
5,-98,-46,89
6,66,-69,89
7,-125,-13,89
8,-29,126,89
9,-21,-59,89
0,-89,-123,90
1,123,64,90
2,-58,-109,90
3,37,-94,90
4,-126,-102,90
5,-102,-37,90
6,63,-72,90
7,-124,-21,90
8,-22,-126,90
9,-12,-58,90
0,-82,-118,91
1,128,60,91
2,-56,-107,91
3,36,-102,91
4,-128,-107,91
5,-111,-40,91
6,60,-77,91
7,-124,-22,91
8,-13,-126,91
9,-9,-56,91
0,-76,-120,92
1,-128,55,92
2,-50,-99,92
3,37,-110,92
4,125,-107,92
5,-115,-31,92
6,57,-85,92
7,-119,-30,92
8,-10,-126,92
9,-1,-54,92
0,-73,-122,93
1,-125,51,93
2,-42,-105,93
3,47,-110,93
4,116,-109,93
5,-117,-29,93
6,51,-90,93
7,-123,-35,93
8,-9,-122,93
9,1,-50,93
0,-70,-126,94
1,127,46,94
2,-39,-109,94
3,47,-117,94
4,110,-109,94
5,-123,-33,94
6,50,-89,94
7,-124,-44,94
8,-12,-117,94
9,4,-41,94
0,-67,-127,95
1,121,42,95
2,-32,-116,95
3,41,-124,95
4,109,-105,95
5,128,-25,95
6,41,-88,95
7,126,-46,95
8,-18,-109,95
9,5,-37,95
0,-63,-124,96
1,113,48,96
2,-32,-126,96
3,38,-125,96
4,106,-101,96
5,-127,-19,96
6,36,-83,96
7,118,-49,96
8,-13,-101,96
9,4,-33,96
0,-68,-116,97
1,113,55,97
2,-26,127,97
3,37,-126,97
4,106,-91,97
5,-117,-19,97
6,39,-76,97
7,115,-41,97
8,-12,-93,97
9,-4,-30,97
0,-77,-113,98
1,120,61,98
2,-20,-124,98
3,36,-128,98
4,97,-91,98
5,-117,-28,98
6,39,-75,98
7,119,-39,98
8,-10,-92,98
9,-6,-22,98
0,-81,-122,99
1,-128,60,99
2,-12,-127,99
3,30,-126,99
4,94,-93,99
5,-114,-30,99
6,45,-69,99
7,115,-31,99
8,-14,-84,99
9,-4,-20,99
0,-85,-123,100
1,-122,52,100
2,-7,-119,100
3,23,-124,100
4,99,-101,100
5,-111,-36,100
6,48,-63,100
7,118,-29,100
8,-8,-79,100
9,3,-22,100
0,-86,-127,101
1,-114,53,101
2,0,-115,101
3,17,-127,101
4,103,-104,101
5,-112,-43,101
6,48,-56,101
7,126,-33,101
8,-4,-76,101
9,11,-25,101
0,-87,-128,102
1,-114,53,102
2,4,-112,102
3,14,-128,102
4,108,-106,102
5,-111,-47,102
6,45,-53,102
7,-125,-40,102
8,4,-77,102
9,16,-17,102
0,-95,-127,103
1,-110,62,103
2,9,-115,103
3,10,-125,103
4,115,-111,103
5,-115,-53,103
6,49,-49,103
7,125,-47,103
8,8,-80,103
9,10,-9,103
0,-98,-122,104
1,-114,64,104
2,11,-114,104
3,11,-120,104
4,119,-113,104
5,-122,-56,104
6,45,-40,104
7,123,-49,104
8,5,-84,104
9,7,-11,104
0,-90,-117,105
1,-121,66,105
2,13,-115,105
3,5,-118,105
4,124,-113,105
5,125,-56,105
6,50,-34,105
7,125,-57,105
8,-3,-87,105
9,6,-12,105
